0 2.22358 -1.1981 0.5 -0.192798
0.7 2.24285 -1.20202 0.5 -0.203778
1.4 2.35997 -1.22727 0.5 -0.21886
2.1 2.62406 -1.28915 0.5 -0.240823
2.8 3.03106 -1.39641 0.5 -0.275715
3.5 3.52372 -1.55122 0.5 -0.339464
4.2 3.99223 -1.74918 0.5 -0.483681
4.9 4.33323 -1.97945 0.5 -0.733331
5.6 4.52798 -2.22805 0.5 -1.12227
6.3 4.5805 -2.48087 0.5 -1.62547
7 4.50894 -2.72391 0.5 -2.06001
7.7 4.34027 -2.9467 0.5 -2.35034
8.4 4.09968 -3.14558 0.5 -2.53433
9.1 3.81053 -3.3206 0.5 -2.64978
9.8 3.49402 -3.47535 0.5 -2.7169
10.5 3.16491 -3.61694 0.5 -2.74824
11.2 2.83326 -3.75345 0.5 -2.74923
11.9 2.50722 -3.89266 0.5 -2.72223
12.6 2.19308 -4.04211 0.5 -2.66824
13.3 1.89532 -4.20897 0.5 -2.58992
14 1.61804 -4.39742 0.5 -2.49704
14.7 1.36575 -4.60805 0.5 -2.39276
15.4 1.14233 -4.84028 0.5 -2.27932
16.1 0.950903 -5.09252 0.5 -2.15946
16.8 0.793841 -5.36217 0.5 -2.03696
17.5 0.671451 -5.64631 0.5 -1.91909
18.2 0.582295 -5.94233 0.5 -1.80917
18.9 0.524331 -6.24776 0.5 -1.70952
19.6 0.494947 -6.56026 0.5 -1.62183
20.3 0.49097 -6.87765 0.5 -1.54717
21 0.508853 -7.19828 0.5 -1.48512
21.7 0.545151 -7.52131 0.5 -1.43463
22.4 0.596559 -7.84608 0.5 -1.39474
23.1 0.659912 -8.17206 0.5 -1.36452
23.8 0.732178 -8.49881 0.5 -1.3432
24.5 0.810459 -8.82604 0.5 -1.33011
25.2 0.891996 -9.15357 0.5 -1.32477
25.9 0.974292 -9.48134 0.5 -1.32527
26.6 1.0561 -9.80927 0.5 -1.32762
27.3 1.13689 -10.1373 0.5 -1.33117
28 1.21632 -10.4654 0.5 -1.33546
28.7 1.2942 -10.7935 0.5 -1.34
29.4 1.37054 -11.1216 0.5 -1.34431
30.1 1.44549 -11.4496 0.5 -1.3479
30.8 1.51936 -11.7777 0.5 -1.35069
31.5 1.59234 -12.1058 0.5 -1.35309
32.2 1.66456 -12.4339 0.5 -1.3551
32.9 1.73615 -12.762 0.5 -1.35676
33.6 1.80723 -13.0901 0.5 -1.35808
34.3 1.87791 -13.4182 0.5 -1.35909
35 1.9483 -13.7462 0.5 -1.3598
