0 2.2931 1.11488 0.5 -0.356826
0.7 2.33781 1.09782 0.5 -0.36754
1.4 2.58284 1.00071 0.5 -0.386005
2.1 3.04168 0.804622 0.5 -0.425256
2.8 3.54363 0.55205 0.5 -0.515223
3.5 3.96012 0.28296 0.5 -0.641703
4.2 4.27573 0.00901654 0.5 -0.79205
4.9 4.51949 -0.269886 0.5 -0.908372
5.6 4.72315 -0.559054 0.5 -1.00366
6.3 4.89897 -0.862339 0.5 -1.08565
7 5.05185 -1.18239 0.5 -1.16518
7.7 5.17981 -1.5206 0.5 -1.25438
8.4 5.27756 -1.87486 0.5 -1.34943
9.1 5.34065 -2.23966 0.5 -1.45088
9.8 5.3648 -2.6082 0.5 -1.56194
10.5 5.34578 -2.97251 0.5 -1.68719
11.2 5.27965 -3.32353 0.5 -1.83033
11.9 5.16402 -3.65255 0.5 -1.99036
12.6 4.99823 -3.95249 0.5 -2.16293
13.3 4.78324 -4.21806 0.5 -2.33892
14 4.5225 -4.44728 0.5 -2.49683
14.7 4.22233 -4.64279 0.5 -2.62589
15.4 3.89 -4.80893 0.5 -2.72452
16.1 3.53351 -4.95133 0.5 -2.79341
16.8 3.1616 -5.07696 0.5 -2.83329
17.5 2.78374 -5.19418 0.5 -2.84311
18.2 2.40968 -5.31243 0.5 -2.82272
18.9 2.04856 -5.4407 0.5 -2.77257
19.6 1.7087 -5.5871 0.5 -2.69122
20.3 1.39759 -5.75886 0.5 -2.57667
21 1.1219 -5.96233 0.5 -2.42887
21.7 0.886752 -6.20191 0.5 -2.2647
22.4 0.693152 -6.47661 0.5 -2.10701
23.1 0.540003 -6.78306 0.5 -1.96537
23.8 0.424862 -7.11668 0.5 -1.84536
24.5 0.343959 -7.4717 0.5 -1.74856
25.2 0.292553 -7.84223 0.5 -1.67219
25.9 0.265594 -8.22349 0.5 -1.61357
26.6 0.257762 -8.61149 0.5 -1.57107
27.3 0.263474 -9.00306 0.5 -1.54381
28 0.277222 -9.39636 0.5 -1.52995
28.7 0.29418 -9.79034 0.5 -1.52732
29.4 0.310332 -10.1845 0.5 -1.53338
30.1 0.323255 -10.5788 0.5 -1.54307
30.8 0.332004 -10.9731 0.5 -1.55426
31.5 0.336315 -11.3673 0.5 -1.5653
32.2 0.33657 -11.7614 0.5 -1.5746
32.9 0.333578 -12.1554 0.5 -1.58188
33.6 0.328047 -12.5494 0.5 -1.58754
34.3 0.320555 -12.9433 0.5 -1.59189
35 0.31156 -13.3372 0.5 -1.59522
